0.153770057
0.232439512
0.297691974
0.328562584
0.269729379
0.177523643
0.121762705
0.081379713
0.043359241
0.004398261
-0.164548396
-0.286758288
-0.520477073
-0.652262628
-0.829319632
-0.893297707
-0.838774924
-0.703392125
-0.576432494
-0.406183148
-0.235967632
-0.044875537
0.236145928
0.477164263
0.650611984
0.864246657
0.909475148
0.93967846
0.946956844
0.860894012
0.748149687
0.657098835
0.576690943
0.497812899
0.413024069
0.319919072
0.228511643
0.145330571
0.100866218
0.067123315
0.030584174
-0.009315312
-0.051562134
-0.095596824
-0.146238234
-0.269688122
-0.441011261
-0.579669833
-0.705732095
-0.835470679
-0.928828524
-0.960874888
-0.989470862
-0.992124797
-0.920757179
-0.814433831
-0.709330078
-0.516381573
-0.371885019
-0.197966816
0.007337127
0.218677387
0.423059542
0.584921991
0.652138838
0.71945035
0.77156516
0.770282678
0.752982414
0.727714698
0.680353261
0.620572367
0.553475309
0.4576429
0.317899872
0.195976551
0.125491341
0.083732683
0.04418994
0.005011537
-0.027244605
-0.053099305
-0.088829149
-0.146056643
-0.214721484
-0.271970121
-0.311464802
-0.34263468
-0.371733103
-0.384297628
-0.386094626
-0.382983623
-0.372314625
-0.354602046
-0.332281864
-0.303711063
-0.261278843
-0.199251434
-0.131742789
-0.068413205
-0.00832265
0.043018162
0.080300571
0.112834483
0.13849807
0.148329134
0.149515483
0.148406977
0.141783626
0.123330884
0.102827014
0.081534073
0.056621264
0.034698664
0.018002181
0.008985984
0.0021907
-0.004311417
-0.01207093
-0.021210368
-0.031242243
-0.040282189
-0.046692613
-0.050069079
-0.051908971
-0.052673586
-0.052523288
-0.051580397
-0.049649333
-0.04671097
-0.04279735
-0.038040893
-0.032580408
-0.027372534
-0.023164564
-0.019567287
-0.016392053
-0.013319624
-0.01007456
-0.006613134
-0.003331874
-0.000165959
0.002605565
0.00495984
0.006541818
0.006246759
0.003984071
0.001788562
0.00028193
-0.000690671
-0.001253001
-0.001418138
-0.001554966
-0.001601181
-0.001418138
-0.001418138
-0.00131793
-0.001215547
-0.001150253
-0.000982849
-0.000826213
-0.000810365
-0.000744402
-0.000610142
-0.000607774
-0.000566177
-0.000450403
-0.000405182
-0.000405182
-0.000405182
-0.000405182
-0.000327489
-0.000229472
-0.000202591
-0.000202591
-0.000202591
-0.000202591
-0.000202591
-0.000202591
-0.000201071
-0.000116087
-3.11E-05
0
0
0
0
0
0
0
0
0
0
0
0
0
0
0
0
0
0
